0000000000000000000000000000000000000000000000000000000000000000
0000000000000000000000000000000000000000000000000000000000000000
0000000000000000000000000000000000000000000000000000000000000000
0000000000000000000000000000000000000000000000000000000000000000
0000001111111100000000000000000000000000000000000111111100000000
0000001000000000000000000000000000000000000000000000000100000000
0000001000000000000000000000000000000000000000000000000100000000
0000001000000000000000000000000000000000000000000000000100000000
0000001000000000000000000000000000000000000000000000000100000000
0000001000000000000000000000000000000000000000000000000100000000
0000001000000000000000000000000000000000000000000000000100000000
0000000000000000000000000000000000000000000000000000000000000000
0000000000000000000000000000000000000000000000000000000000000000
0000000000000000000000000000000000000000000000000000000000000000
0000000000000000000000000000000000000000000000000000000000000000
0000000000000000000000000000000000000000000000000000000000000000
0000000000000000000000000000000000000000000000000000000000000000
0000000000000000000000000000000000000000000000000000000000000000
0000000000000000000000000000000000000000000000000000000000000000
0000001000000000000000000000000000000000000000000000000100000000
0000001000000000000000000000000000000000000000000000000100000000
0000001000000000000000000000000000000000000000000000000100000000
0000001000000000000000000000000000000000000000000000000100000000
0000001000000000000000000000000000000000000000000000000100000000
0000001000000000000000000000000000000000000000000000000100000000
0000001111111110000000000000000000000000000000001111111100000000
0000000000000000000000000000000000000000000000000000000000000000
0000000000000000000000000000000000000000000000000000000000000000
0000000000000000000000000000000000000000000000000000000000000000
0000000000000000000000000000000000000000000000000000000000000000
0000000000000000000000000000000000000000000000000000000000000000
